#INITVALUES
  CFACTOR = 2.55E+10;
  ALL_SPEC = 0.;

  HCOOHg    = 0.0;
  O1Dg      = 1.840869710716377e-12;
  O3g       = 39.96870527003733;
  H2O2g     = 1.155566881127961;
  NOg       = 0.03114424045026516;
  NO2g      = 0.07491201264511105;
  NO3g      = 6.542216970646083e-06;
  N2O5g     = 1.8516230200639373e-06;
  HNO3g     = 0.128933501441613;
  CH2Og     = 0.4441313929011751;
  COg       = 89.57730857823992;
  OHg       = 0.0006101551154828949;
  HO2g      = 0.02552368065101369;
  CH3OOHg   = 0.231081728456976;
  CH3OOg    = 0.011994149595290977;
  CH2Og     = 0.4441313929011751;
  CH4g      = 1699.7664444662407;
  M        = 1.E9;
  DUMMY    = 1.;
  H2Og      = 10000000.0;
  H2g       = 550.; 
  CO2g      = 350000.61903968453;

