#INITVALUES
  CFACTOR = 2.55E+10;
  ALL_SPEC = 0.;

  HCOOHg    = 0.0;
  O1Dg      = 1.8152202984983576e-12;
  O3g       = 39.411808825207984;
  H2O2g     = 1.3385155494009917;
  NOg       = 0.01987799694984462;
  NO2g      = 0.048025811176202;
  NO3g      = 4.237274924525228e-06;
  N2O5g     = 6.302044126848763e-21;
  HNO3g     = 0.16473863593780674;
  CH2Og     = 0.39565078617654975;
  COg       = 88.78914987758039;
  OHg       = 0.0005557271084047019;
  HO2g      = 0.02506244732892156;
  CH3OOHg   = 0.2811796093808803;
  CH3OOg    = 0.013911219294582411;
  CH2Og     = 0.39565078617654975;
  CH4g      = 1699.333020955878;
  M        = 1.E9;
  DUMMY    = 1.;
  H2Og      = 10000000.0;
  H2g       = 550.; 
  CO2g      = 336.51493581598623;

